0 0.4429347826086957 0.055421686746987955 0.1068840579710145 0.10602409638554218
0 0.5380434782608696 0.0783132530120482 0.10144927536231885 0.11325301204819278
0 0.6268115942028986 0.09036144578313254 0.11956521739130435 0.11325301204819278
0 0.7336956521739131 0.10602409638554218 0.13043478260869565 0.11084337349397591
0 0.8342391304347826 0.12650602409638556 0.1286231884057971 0.11325301204819278
0 0.9384057971014493 0.10361445783132531 0.11956521739130435 0.11084337349397591
0 0.8315217391304348 0.05662650602409639 0.10869565217391304 0.050602409638554224
0 0.7346014492753623 0.03975903614457832 0.0923913043478261 0.045783132530120486
0 0.6413043478260869 0.02168674698795181 0.09420289855072464 0.03855421686746988
0 0.5353260869565217 0.010843373493975905 0.13949275362318841 0.016867469879518072
