0 0.5106617647058823 0.38736979166666663 0.03455882352941177 0.04296875
0 0.5386029411764706 0.486328125 0.03897058823529412 0.05859375
0 0.5801470588235293 0.5006510416666666 0.039705882352941174 0.05078125
0 0.47352941176470587 0.380859375 0.032352941176470584 0.04817708333333333
0 0.4349264705882353 0.3671875 0.04338235294117647 0.0625
0 0.3165441176470588 0.453125 0.03602941176470588 0.05208333333333333
0 0.3474264705882353 0.4583333333333333 0.030147058823529412 0.05208333333333333
0 0.6080882352941176 0.287109375 0.03676470588235294 0.05598958333333333
0 0.6426470588235293 0.2884114583333333 0.032352941176470584 0.045572916666666664
0 0.6698529411764705 0.2766927083333333 0.029411764705882353 0.04296875
0 0.6871323529411765 0.26041666666666663 0.027205882352941177 0.041666666666666664
0 0.7058823529411764 0.2513020833333333 0.030882352941176472 0.046875
0 0.7213235294117647 0.236328125 0.032352941176470584 0.05078125
0 0.6279411764705882 0.2591145833333333 0.027941176470588233 0.026041666666666664
0 0.6518382352941177 0.24544270833333331 0.027205882352941177 0.03515625
